1	C	0.0066	-0.5658	-0.0645	-0.1348	-0.0873	-0.0208
2	B	-0.0888	-0.5714	-0.063	-0.1551	-0.0913	-0.0451
8	Sw	0.3042	0.1657	-0.1057	0.0936	-0.0125	-0.0312
10	C	0.1348	-0.7418	0.0186	-0.1507	-0.0326	-0.0128
13	Ch	0.074	-0.4069	-0.0537	-0.1359	0.0845	0.0062
19	Ch	0.1874	-0.5448	-0.0193	-0.1576	0.0853	0.0152
22	X	0.3007	-0.34	-0.1304	-0.1396	-0.0003	0.0117
24	C	0.0538	-0.8253	0.0305	-0.2164	-0.0963	-0.0375
26	S	0.185	-0.034	0.0081	0.1121	0.018	0.0121
27	S	0.2299	0.0551	0.0012	0.1208	0.0228	0.0039
28	S	0.1431	0.2727	-0.0862	0.0203	-0.0143	0.0148
29	S	0.2066	0.1021	-0.1089	-0.0176	0.0144	0.0096
30	S	0.2267	0.2999	-0.1444	0.0436	-0.0058	-0.005
32	Sw	0.2659	0.0736	0.0378	-0.0077	0.042	0.0362
33	S	0.1003	0.0265	0.0884	-0.0578	0.0552	0.0361
34	Ch	0.0708	-0.3284	-0.0403	-0.1888	0.0933	-0.0004
37	S	0.185	0.2425	-0.079	0.0081	-0.0188	0.021
39	Sqw	0.2734	-0.1424	-0.0187	0.1023	0.0435	-0.0445
40	S	0.1245	0.0467	-0.0877	0.0185	-0.0608	0.0028
41	Ch	0.1064	-0.3852	-0.0367	-0.1519	0.0639	-0.0252
48	Ch	0.0199	-0.6768	0.0171	-0.186	0.0554	-0.0005
49	Ch	0.0076	-0.4745	-0.01	-0.175	0.083	0.02
50	Ch	0.0444	-0.5867	0.0365	-0.2036	0.0922	0.0061
52	C	0.1746	-0.6677	-0.0279	-0.1441	-0.1152	0.0035
57	S	0.1743	0.242	-0.0589	-0.0349	0.0205	0.013
58	Ch	0.0163	-0.4605	-0.0249	-0.188	0.0637	0.0104
61	S	0.1736	0.309	-0.0777	-0.009	-0.0116	0.0201
63	Sw	0.2509	0.3242	-0.0953	0.1019	-0.0704	-0.0061
66	Ch	0.1002	-0.4831	-0.0282	-0.1727	0.0323	0.0244
67	S	0.1569	0.1286	0.0332	0.0019	-0.0173	0.0251
70	Cgh	0.1197	-0.27	-0.0648	-0.1585	0.1162	0.0292
76	C	0.2429	-0.6131	-0.0227	-0.167	-0.0366	-0.0097
78	Ch	0.1164	-0.4931	-0.0353	-0.1785	0.0365	0.0212
82	S	0.0524	0.0259	0.0433	-0.0689	0.0481	-0.0155
84	Ch	0.0751	-0.4128	-0.0505	-0.1657	0.0692	-0.0037
85	C	0.1016	-0.7679	0.0293	-0.1896	-0.0328	-0.0393
87	X	0.2885	-0.3425	-0.0848	-0.1946	-0.0117	-0.0162
90	C	0.1851	-0.7347	0.0347	-0.1739	-0.0572	-0.0242
93	C	0.0235	-0.5609	-0.0721	-0.1823	-0.1201	-0.0491
96	T	0.276	-0.0319	-0.2147	-0.1372	0.0043	-0.0146
101	S	0.173	0.1479	-0.0142	0.0334	-0.0365	0.0423
103	S	0.1448	0.1159	-0.078	0.0584	-0.0924	0.0013
105	Ch	0.0895	-0.3194	-0.0797	-0.1736	0.0628	-0.0024
106	Cgh	0.0444	-0.4977	0.0017	-0.1212	0.0589	0.0566
108	Sw	0.2638	0.2034	-0.046	0.0898	-0.0162	0.0219
111	Ch	-0.0038	-0.3827	-0.0731	-0.1973	0.0372	-0.0125
115	S	0.1469	0.3064	-0.0567	0.0241	-0.0225	0.0163
119	S	0.2401	0.1999	-0.0615	0.1471	-0.0173	-0.0036
128	C	0.0906	-0.4991	-0.0829	-0.1411	-0.0653	-0.0127
130	Ch	0.0894	-0.5048	-0.0037	-0.1301	0.0699	0.046
133	S	0.1773	0.1644	-0.0708	0.1355	-0.0467	-0.0085
147	C	0.1743	-0.6215	-0.012	-0.1876	-0.0292	-0.0146
150	C	0.1531	-0.6558	-0.0266	-0.1942	-0.0553	-0.0322
151	Sw	0.3899	0.298	-0.1054	0.1056	0.0681	0.0343
153	X	0.2512	-0.4357	-0.0588	-0.1697	0.0168	-0.0092
158	S	0.2073	-0.0687	0.0612	0.0109	0.0073	0.0387
170	S	0.1532	0.2285	-0.0754	0.0123	-0.0664	0.0272
180	Sr	0.118	0.1173	0.1066	-0.0561	0.0574	0.0434
188	S	0.1756	0.3375	-0.0702	0.0248	0.0092	0.0391
192	Sw	0.3186	0.2139	-0.0662	0.1082	0.0011	-0.0057
199	D	0.4104	-0.1378	-0.1165	-0.1567	0.0682	-0.0135
205	Ch	0.0574	-0.3611	-0.0526	-0.1767	0.0773	0.0026
214	Cgh	0.0728	-0.1664	-0.0713	-0.1637	-0.0205	0.0812
226	S	0.1864	0.1906	0.0153	0.0007	0.0818	0.0331
234	L	0.2665	0.6665	-0.338	0.0566	-0.0084	-0.015
236	L	0.2391	0.224	-0.2636	-0.014	-0.0114	-0.0053
237	Sr	0.1864	0.3454	0.0243	-0.0144	0.0087	0.051
243	Sw	0.2632	0.0413	0.0524	-0.0018	0.0532	0.031
244	Sw	0.3711	0.2804	-0.1124	0.0391	0.0819	-0.0402
246	A	0.5861	-0.5452	-0.0453	0.4522	-0.1038	-0.0343
258	S	0.1429	0.2225	0.0279	0.0152	-0.0053	0.0354
264	S	0.2074	0.1496	0.0045	-0.02	0.0363	0.0182
266	Ch	0.0959	-0.5489	0.0008	-0.1618	0.065	0.0108
267	D	0.4722	0.1905	-0.2554	-0.1283	0.0753	0.0071
269	D	1.2862	0.0031	-0.1815	-0.1573	0.0455	0.028
278	S	0.2478	0.1075	0.0321	0.069	0.0546	-0.0036
279	D	0.5813	-0.402	-0.0336	-0.1828	0.1428	-0.0334
288	S	0.1725	0.4063	-0.1102	0.012	-0.0154	0.0389
289	A	1.1054	-1.3971	0.1219	0.6174	-0.0312	0.0219
295	Sw	0.2956	0.0334	-0.0063	0.11	0.0651	-0.0204
308	T	0.3315	0.0068	-0.2359	-0.1396	-0.0283	0.0023
322	D	0.3993	-0.3354	-0.0483	-0.1523	0.0612	-0.0037
345	Ch	0.1237	-0.6875	0.0212	-0.1692	0.0535	-0.0039
346	S	0.1792	-0.0609	0.053	0.0564	0.0262	-0.0017
352	Sw	0.2977	-0.0111	-0.0043	0.183	-0.0118	-0.0101
354	A	0.6621	-0.4482	0.0092	0.3214	0.0137	-0.0414
371	S	0.1089	0.4383	-0.0667	-0.0209	-0.0267	0.0267
378	S	0.1706	0.33	-0.0983	-0.0061	0.0053	0.0375
387	L	0.1231	0.4882	-0.3222	-0.0083	-0.042	-0.0427
389	S	0.121	0.0715	-0.0249	-0.0273	0.0061	0.0173
402	L	0.0546	0.1434	-0.2141	-0.0496	0.0111	-0.0295
403	S	0.1831	-0.0116	-0.0138	0.083	0.0229	-0.0044
433	Sw	0.2812	0.061	-0.0068	0.1849	-0.0187	-0.0096
444	C	0.121	-0.6046	0.0028	-0.1914	-0.0756	-0.0063
446	A	0.7378	-0.6138	0.0261	0.6204	0.0169	-0.0621
453	Sw	0.257	-0.0429	-0.0271	0.1598	-0.0366	0.0099
456	S	0.2405	0.1003	-0.0138	0.1267	0.0167	-0.0099
460	L	-0.0053	0.438	-0.2688	-0.0788	0.0034	-0.0069
485	S	0.1686	0.1426	0.0209	0.0019	0.0524	0.0063
512	Sqw	0.2909	-0.1463	0.0885	0.2035	0.0184	0.0066
532	S	0.1817	0.0075	-0.0377	0.03	-0.0113	-0.0184
570	D	0.429	0.0985	-0.2112	-0.134	0.0822	0.0411
596	T	0.294	-0.0028	-0.2044	-0.1827	0.0035	-0.0191
599	L	0.2069	0.2302	-0.2108	-0.0509	0.0654	-0.0083
606	L	0.1779	0.23	-0.2453	-0.0687	0.0153	0.0191
625	Sw	0.4369	0.3463	-0.1058	0.1985	0.0674	0.0029
631	S	0.1738	0.148	-0.006	0.031	-0.0237	0.0417
661	K	0.0933	-0.0817	-0.1652	-0.0155	-0.0409	-0.0341
670	S	0.0767	0.1938	0.0228	-0.0008	0.0247	0.0164
673	L	0.108	0.3756	-0.2913	-0.0964	-0.0614	0.0097
675	Sw	0.2712	-0.0742	-0.0109	0.0446	0.0219	0.0061
679	L	0.1403	0.2684	-0.2625	-0.0327	0.0432	0.017
688	C	0.1422	-0.5919	-0.0155	-0.1866	-0.0731	-0.0128
706	Cgh	0.1643	-0.5242	0.0301	-0.0782	0.2134	0.0637
716	S	0.0907	0.4316	-0.1175	-0.0237	-0.0025	0.0287
719	S	0.2017	0.1272	-0.0302	0.0746	0.0057	-0.0302
729	L	0.2708	0.1568	-0.233	0.0241	-0.0624	0.0292
742	K	0.1091	-0.2517	-0.1018	-0.0034	-0.0389	-0.0105
773	T	0.314	0.0708	-0.2304	-0.1299	0.0187	0.0123
776	Cgh	0.1044	-0.1864	-0.119	-0.146	0.0264	0.0472
782	Sw	0.341	0.0449	-0.0008	0.1452	0.0671	-0.0215
793	S	0.1418	0.2153	0.0006	-0.0107	-0.0117	0.0347
808	Sr	0.1713	0.0778	0.0947	-0.002	0.052	0.0259
824	L	0.0129	0.4221	-0.3669	-0.0528	-0.1058	-0.0254
847	S	0.2097	0.152	0.0439	0.0521	0.0339	0.0649
863	A	0.8185	-0.6353	0.1272	0.5648	0.0315	-0.0886
887	S	0.058	0.0152	-0.0323	-0.032	-0.0616	-0.0277
908	D	0.765	0.0971	-0.2006	-0.0441	0.2777	0.0974
913	Sw	0.3693	0.1822	-0.0491	0.1791	0.0031	-0.0083
925	S	0.1067	0.3524	-0.0797	-0.0145	0.0139	0.014
929	S	0.2136	0.0911	-0.0407	0.1482	-0.057	0.0083
944	D	0.6599	0.1231	-0.2694	-0.1305	-0.0048	0.0175
985	S	0.1846	-0.0571	0.0276	0.1107	-0.0966	-0.0495
1011	Sqw	0.294	-0.0864	0.0717	0.277	-0.0403	0.0544
1020	Sr	0.2044	0.2424	0.0404	0.0311	0.0118	0.0461
1036	Sr	0.185	0.2069	0.084	0.0152	0.0163	0.0325
1065	S	0.2346	0.0496	0.0068	0.1653	-0.0084	-0.0059
1126	Sw	0.4018	0.213	-0.0393	0.2356	0.0126	0.036
1131	S	0.2001	0.0293	0.013	0.2193	0.0078	0.0178
1139	Sw	0.3141	-0.0607	0.0599	0.21	-0.0025	0.0011
1143	D	0.7728	0.0137	-0.2418	-0.1016	0.1329	-0.002
1147	Sw	0.2859	0.0289	-0.0182	0.1642	-0.0254	0.0295
1148	K	0.1382	-0.1433	-0.1374	0.0388	-0.0477	0.0042
1198	Sw	0.4059	0.2511	-0.1157	-0.0233	0.0837	-0.0083
1204	Sw	0.2907	-0.0814	0.027	0.1072	0.0397	-0.011
1228	Sr	0.2101	0.26	0.0847	0.0304	0.031	0.0515
1300	Cgh	0.1043	-0.2711	-0.0753	-0.0814	0.0194	0.0924
1310	S	0.1123	0.4447	-0.0514	0.0167	-0.015	0.0211
1329	Sqw	0.3082	-0.1256	0.0161	0.1734	-0.0082	0.0146
1332	L	0.1639	0.0341	-0.2854	-0.1343	-0.3055	-0.0745
1350	S	0.2355	0.2981	-0.1003	0.0615	-0.1228	0.0896
1374	Sq	0.1447	-0.3497	0.115	0.1635	-0.0008	0.007
1433	S	0.1571	-0.014	0.0725	0.0723	0.0118	0.0279
1459	Vw	0.3241	0.3334	1.3056	-0.296	-0.2271	-0.1216
1471	D	0.7741	-0.3443	-0.0709	-0.1646	0.0462	0.0039
1494	Sqw	0.3464	-0.1276	0.0739	0.2306	-0.0404	0.0242
1508	B	-0.0248	-0.4534	-0.0773	-0.1414	-0.0687	-0.0077
1542	D	0.7417	0.0664	-0.1656	-0.1575	0.1144	0.0224
1565	Sr	0.081	-0.0956	0.1636	-0.1714	-0.1455	0.1434
1566	Q	0.192	-0.7202	0.2726	0.1542	0.0367	-0.1256
1580	B	-0.0893	-0.5645	-0.0059	-0.1496	-0.0365	-0.03
1620	S	0.1643	-0.035	0.0304	0.141	0.0515	-0.0234
1627	Sw	0.3027	-0.0624	0.071	0.2007	-0.0169	0.0313
1640	S	0.1622	0.0658	-0.0301	0.0744	0.0069	-0.0325
1642	S	0.0952	0.4189	-0.0768	0.0288	-0.0781	0.0556
1658	Sw	0.2571	0.4561	-0.1381	0.0542	0.0762	-0.0878
1659	S	0.1705	0.3187	-0.0672	-0.0478	0.0499	-0.0236
1660	S	0.1826	0.2053	-0.0049	0.0049	0.0259	0.0384
1662	Sr	0.1893	0.4601	0.0119	0.0828	-0.009	0.069
1667	Sw	0.3132	0.2378	-0.0483	0.2284	0.0177	0.0248
1685	Sq	0.1566	-0.159	0.0649	0.1443	0.0098	0.0052
1747	Sw	0.3329	0.636	-0.1425	-0.0018	0.0136	0.0093
1751	S	0.1199	0.2888	-0.1041	0.0006	-0.0934	-0.0051
1807	Sqw	0.3346	-0.2165	0.1337	0.0748	0.0272	-0.0146
1839	S	0.0537	0.1437	0.0062	0.0319	-0.1102	-0.015
1848	S	0.1483	0.2185	-0.0475	0.0703	-0.1091	0.0778
1858	S	0.1597	0.5385	-0.2445	0.0001	0.0106	0.0485
1862	Q	0.1277	-0.597	0.2046	0.196	-0.0821	0.0346
1864	Sq	0.0482	-0.248	0.0917	0.1703	-0.08	0.0282
1865	S	0.117	-0.022	0.0635	0.0545	0.0087	0.034
1866	Sw	0.3499	0.0466	0.0019	0.0701	-0.0077	0.0562
1903	K	0.128	-0.0379	-0.1621	-0.0064	-0.0419	-0.0165
1916	Sw	0.3921	-0.0195	0.0595	0.0942	0.0139	-0.0005
1917	Sv	0.0577	0.6732	-0.0137	0.024	-0.0459	0.0105
1943	Sw	0.2771	0.1559	-0.0722	0.075	0.0508	0.0092
1951	A	1.1624	-0.8971	0.0515	0.6432	-0.067	-0.0197
1980	Sw	0.4095	-0.0169	0.0585	0.1891	0.0222	0.0402
2042	Sr	0.0821	0.1791	0.0775	-0.0107	-0.0012	0.0071
2045	V	0.1851	0.6885	0.8456	-0.097	0.0761	-0.0638
2063	Sq	0.0697	-0.3123	0.0656	0.1398	-0.0667	0.0271
2064	Sqw	0.2553	-0.1854	0.0216	0.1789	0.0026	0.0112
2074	Sw	0.4638	0.0669	0.0595	0.1729	0.0273	-0.0475
2078	S	0.0845	-0.0051	0.0693	-0.0204	-0.0086	0.0361
2085	L	0.0486	0.4299	-0.3477	-0.0192	-0.0481	-0.0089
2099	Ch	0.1186	-0.5911	0.021	-0.1843	0.0136	0.0094
2100	B	-0.0796	-0.2692	-0.0861	-0.1476	-0.0961	-0.0367
2102	Sr	0.0849	-0.2038	0.2673	0.0416	0.0387	0.1183
2107	Sw	0.2562	0.0184	-0.0423	0.0882	-0.0768	0.0257
2157	S	0.1956	0.1735	-0.0551	0.0703	0.0004	0.0304
2201	Sq	-0.0075	-0.3925	0.1167	0.0432	-0.0134	0.0069
2212	Q	0.0376	-1.0195	0.3726	0.039	0.033	0.1289
2246	D	0.5513	0.1839	-0.1837	-0.1384	0.1231	0.0145
2335	Sw	0.2732	0.2028	-0.016	0.058	-0.1292	0.0547
2340	Sq	0.0639	-0.4072	0.1269	0.0844	-0.0032	-0.0984
2353	S	0.0973	0.3531	-0.0645	-0.0262	0.0142	0.0348
2354	L	0.0837	0.6296	-0.3425	0.0702	-0.0505	0.0101
2378	Cgh	0.0569	-0.5432	0.0057	-0.1691	-0.0039	0.0271
2386	S	0.1834	0.2505	-0.0405	0.0404	0.0118	0.0197
2396	S	0.1924	0.2626	-0.1057	0.1723	-0.0339	0.0244
2401	S	0.1814	0.2459	0.0317	-0.0265	-0.0356	-0.0323
2442	V	0.1623	0.8617	0.9795	-0.2123	-0.0087	-0.0171
2448	L	0.3543	0.4205	-0.3038	-0.0663	0.0792	0.0441
2501	A	0.796	-0.508	0.0406	0.6701	0.132	-0.1059
2504	Sr	0.1137	0.09	0.0974	-0.0295	0.0583	0.0291
2521	S	0.0806	0.0787	-0.0058	0.0273	-0.0292	-0.0024
2566	V	0.0455	0.7063	0.8562	-0.1113	0.0523	-0.0587
2579	V	0.0893	0.3402	0.8663	0.2122	0.0075	-0.1491
2715	Sw	0.3252	0.2712	-0.1399	0.2184	-0.0447	0.0029
2732	L	0.2174	0.6386	-0.3104	0.1705	-0.1547	0.0469
2851	V	0.1587	0.6494	0.9658	-0.1883	-0.2195	0.08
2873	Sq	0.133	-0.1689	0.1106	0.1479	0.0671	-0.0313
2875	S	0.1343	0.2738	-0.0754	0.0653	-0.0457	0.0198
2911	Sw	0.2749	0.1927	0.004	0.0888	0.0364	0.0183
2912	V	0.1992	0.5956	1.1125	-0.2085	-0.0379	0.0304
2957	K	0.1485	-0.001	-0.1487	-0.0381	-0.0107	-0.0194
2965	Sv	0.1992	0.6393	0.0312	-0.0298	0.1016	0.0132
2977	S	0.1734	0.2501	-0.0564	0.0347	-0.0047	0.0224
3028	K	0.0118	-0.1685	-0.1268	-0.0653	-0.106	-0.0112
3102	Sqw	0.2562	-0.2474	0.0963	0.185	-0.0448	-0.0047
3122	Sqw	0.3714	-0.3537	0.1938	0.2137	0.0592	-0.0079
3155	V	0.0568	1.1058	0.8458	-0.3893	-0.116	0.1086
3198	Sqw	0.3318	-0.1528	0.0439	0.2196	0.158	-0.0933
3199	K	0.1719	-0.5722	0.0123	0.1806	0.0653	-0.002
3200	B	-0.1554	-1.062	0.1712	-0.2035	-0.1171	-0.0002
3248	D	0.5076	0.2597	-0.2437	-0.1525	0.0555	0.0317
3255	S	0.102	0.1701	0.0557	0.0167	0.0126	0.0452
3288	Sqw	0.3243	-0.1279	0.0256	0.1575	0.0562	-0.0391
3317	D	0.5561	0.0122	-0.1782	-0.1425	0.1372	-0.0006
3352	Sw	0.2652	0.2969	-0.0225	0.1579	-0.1417	-0.0151
3361	Q	0.0725	-1.1449	0.4426	0.0842	-0.1081	0.1439
3363	Sr	0.1806	-0.1279	0.1608	0.0021	0.0241	0.0404
3395	S	0.1678	0.1322	0.07	0.044	0.049	0.083
3402	S	0.2417	0.2404	-0.0659	0.0918	-0.0128	-0.0682
3430	S	0.0881	0.1928	0.0296	-0.0161	0.0461	0.0307
3491	S	0.02	0.1455	0.0515	-0.042	-0.023	0.0205
3552	D	0.9218	0.0327	-0.2295	-0.1702	0.0043	-0.0801
3554	X	0.3179	-0.3122	-0.0772	-0.1518	0.0243	0.0015
3674	S	0.1023	-0.0387	0.0709	-0.016	-0.0138	0.0157
3701	S	0.1276	0.2371	-0.01	-0.0144	-0.0643	0.0109
3734	L	0.0883	0.7383	-0.4494	0.0185	-0.0137	-0.0131
3753	Q	0.2042	-0.5401	0.2831	0.0845	0.0075	-0.021
3788	S	0.2075	0.1842	-0.0061	0.07	0.0041	0.003
3833	C	0.0727	-0.5282	0.0094	-0.171	-0.0155	-0.0183
3844	L	0.003	0.6021	-0.3779	-0.0321	-0.0943	-0.0406
3873	Sw	0.2694	0.0096	0.0573	0.0557	0.0655	-0.0045
3903	S	0.0422	-0.0176	0.0435	-0.0254	-0.017	0.0199
3908	V	-0.019	0.6021	1.3052	-0.31	0.0367	0.0835
3910	S	0.2329	0.1093	0.0068	0.0853	-0.0234	0.0283
3920	Sw	0.3502	-0.0646	0.0535	0.2375	-0.0314	0.0217
3949	Sq	0.1728	-0.2959	0.1005	0.1608	0.0212	0.0054
3988	S	0.2346	0.4259	-0.1084	0.1215	-0.0186	-0.0157
4015	B	-0.1034	-0.3731	-0.2197	-0.1567	-0.1144	-0.0598
4038	Vw	0.2748	1.0426	0.3218	-0.1828	0.1405	-0.0676
4055	V	0.0248	0.3672	1.1666	-0.2675	-0.1519	-0.0415
4179	Sq	0.1995	-0.3223	0.1659	0.0373	0.0315	-0.0166
4188	V	0.1656	0.4954	0.8249	-0.1066	0.1006	-0.0213
4197	Sq	0.0766	-0.0946	0.0843	-0.0629	-0.0066	0.0301
4352	S	0.1692	0.013	0.0469	0.14	-0.0019	0.001
4407	Sqw	0.379	-0.1586	-0.0033	0.2265	-0.0548	0.0112
4417	Sw	0.2576	-0.0321	-0.001	0.1837	-0.0369	0.0064
4451	Svw	0.2549	0.5298	0.0018	-0.0393	0.0226	-0.0067
4486	Sq	0.1031	-0.3859	0.2434	0.0549	0.0187	0.0189
4558	Sr	0.1283	0.0782	0.1086	-0.0144	-0.0433	0.0148
4570	Sw	0.2535	0.2547	-0.1	0.1576	-0.0631	0.0165
4587	Sr	0.1788	0.1481	0.1293	0.047	0.0004	0.0111
4713	Sw	0.4459	0.649	-0.1804	0.0714	-0.0756	0.0652
4737	L	0.0721	0.6884	-0.3804	-0.0204	-0.0325	0.0284
4775	L	0.4594	0.7612	-0.2312	-0.0739	0.2791	0.0277
4995	S	0.1297	0.1627	0.0581	-0.0341	-0.0094	0.012
5013	Sw	0.3347	0.0054	-0.0653	0.228	0.057	0.0191
5111	V	0.212	0.5451	0.6046	-0.1313	-0.0101	0.0328
5230	S	0.1749	0.0492	0.0548	0.0487	-0.0375	0.0404
5379	Sr	0.2251	-0.3488	0.2999	0.1734	0.0256	0.0786
5392	Sv	0.1617	0.5158	-0.0034	0.0554	0.0062	0.0487
5401	Sw	0.2553	0.2993	-0.0543	0.0714	0.0576	0.033
5407	S	0.0628	0.1027	0.0255	-0.0276	0.072	0.0141
5587	Sr	0.1109	-0.0559	0.1527	-0.0374	0.0884	0.0164
5604	V	-0.0108	0.6514	0.8809	-0.1774	-0.054	-0.0017
5626	S	0.1825	0.2526	-0.0325	0.0599	-0.0385	0.0283
5641	Sw	0.4281	0.2315	0.0281	0.2007	-0.0268	0.0175
5645	X	0.2128	-0.1692	-0.1076	-0.1462	-0.0438	-0.0553
5685	S	0.1214	0.1482	-0.0315	0.0409	-0.0476	0.0034
5693	S	0.0471	-0.3743	0.0917	0.1216	0.0637	0.0087
5817	Sr	0.1584	0.2828	0.036	0.0707	-0.0378	0.0443
5836	S	0.0483	0.2201	-0.0252	0.0485	-0.0086	0.0132
5840	L	0.0678	0.7988	-0.4251	0.0779	-0.1069	-0.0075
6047	S	0.1645	0.131	0.0317	-0.0764	-0.1471	-0.057
6239	Sq	0.1458	-0.2928	0.0589	0.1028	0.0082	-0.0333
6386	S	0.2304	0.1405	0.0137	0.1741	0.0758	-0.0064
6411	B	-0.1297	-0.2838	-0.1109	-0.2029	-0.0271	0.0131
6455	Sqw	0.3193	-0.1695	0.1628	0.2171	-0.0046	-0.0707
6585	S	0.1161	0.0392	0.0667	0.0126	0.0226	0.0444
6611	V	0.0081	0.288	0.7882	0.0462	0.0379	-0.0196
6909	U	0.091	0.0694	-0.336	0.0352	0.2991	0.0667
7304	L	0.4104	0.3017	-0.2933	-0.002	0.0295	-0.0004
7358	Sq	0.0676	-0.2103	0.0273	-0.0003	-0.0466	0.035
7482	S	0.1593	-0.0047	0.0454	0.2342	0.0263	-0.0096
7763	L	0.0395	0.5364	-0.296	0.0226	-0.0289	-0.0153
7822	S	0.196	0.2291	0.0219	0.1163	0.1254	0.121
7888	S	0.0983	0.7249	-0.1341	0.1897	-0.3385	0.1296
7889	V	-0.0624	-0.039	1.3371	-0.177	-0.181	0.0272
8334	S	0.1623	0.0741	-0.0116	0.0852	0.0748	0.0291
8373	D	0.5203	0.4631	-0.4174	-0.0988	-0.0011	-0.1224
8566	V	0.0479	0.1388	1.192	0.313	-0.1093	0.0505
8567	Sw	0.2724	0.0442	-0.0527	0.2025	-0.0683	-0.0767
9400	S	0.0041	0.2862	-0.0465	0.1542	-0.0888	0.1498
10115	S	0.1051	0.2206	-0.1299	0.1921	0.1821	0.0361
10150	S	0.1141	0.0722	0.051	-0.1789	0.1789	-0.0862
10302	X	0.206	-0.3251	-0.0018	-0.1933	0.0242	-0.0331
11066	S	0.1955	0.2956	-0.0356	-0.0571	0.1164	-0.0336
11398	Sr	0.1563	0.105	0.1066	0.0739	0.0277	0.0315
11405	Sq	0.1121	-0.1149	0.0697	0.2168	0.085	-0.043
12711	Sqw	0.2756	-0.367	0.1546	0.249	-0.0006	0.0248
13553	U	0.1301	-1.0349	0.2713	-0.1243	0.1316	0.0051
15745	S	0.156	0.3784	-0.0994	0.0415	-0.0266	-0.057
16834	S	0.2057	0.1689	-0.0323	0.1115	0.0673	0.0247
16960	Sr	-0.0044	-0.2939	0.1922	-0.0186	-0.0028	0.0336
17274	D	0.4578	-0.4133	-0.0453	-0.2009	-0.0174	-0.0286
17511	B	-0.1219	-0.0618	-0.2707	-0.0694	0.0318	0.0046
18736	S	0.2385	0.0519	0.077	0.0434	0.2064	-0.0865
18882	S	0.098	0.1594	0.0601	0.0297	0.0474	0.0657
19356	Sq	0.123	-0.144	0.1378	0.1088	-0.0561	0.0039
19764	Sq	0.1164	-0.129	0.0114	0.1801	-0.0341	-0.0227
20790	S	0.0498	0.2926	-0.0056	-0.0352	0.0459	-0.0093
21088	Sw	0.3631	-0.0629	-0.0356	0.165	0.0287	-0.0476
22771	S	0.2414	0.5591	-0.1603	0.009	0.0355	-0.0142
24445	Sr	0.1502	0.1831	0.1997	-0.0321	0.0668	0.0078
24475	Sw	0.296	0.1983	-0.0118	0.1101	0.0018	-0.0219
25143	Sq	0.2486	-0.1535	0.0649	0.1955	0.0806	-0.0171
25330	B	-0.058	-0.3381	-0.0215	-0.2032	0.0836	-0.0164
25916	Sw	0.3014	0.247	-0.1315	0.1177	0.0815	-0.0252
26760	C	0.0664	-0.2035	-0.1026	-0.168	0.0554	0.0134
29075	L	0.1912	0.238	-0.2238	-0.0837	-0.054	0.1192
30825	Sq	0.2031	-0.2265	0.0775	0.1612	-0.0106	-0.033
32906	S	0.1136	0.0908	0.0626	-0.0369	0.0919	-0.024
33342	X	0.2519	-0.0336	-0.1661	-0.1626	0.0668	-0.005
33881	V	0.2211	1.083	1.1331	-0.2102	0.012	-0.1033
35107	Sq	0.2348	-0.285	0.1244	0.169	0.0199	0.028
35396	S	0.2327	-0.0856	-0.0171	0.0721	0.164	0.0291
36017	S	0.1524	0.0917	-0.0221	0.1402	-0.1056	-0.1155
36284	Sq	0.1321	-0.3692	0.0303	0.1408	0.0009	-0.0374
37336	S	0.113	0.1797	0.0084	-0.0504	0.0326	-0.044
39572	Sq	0.2062	-0.3156	0.07	0.1651	-0.0284	-0.0379
52762	D	0.3614	-0.2685	-0.1321	-0.1422	-0.0135	-0.0554
53319	C	0.151	-0.1702	-0.1469	-0.1417	0.0306	-0.0742
54690	S	0.2114	0.4806	-0.2042	-0.0682	0.0481	-0.003
63164	S	0.3331	0.5373	-0.1804	0.0721	-0.0001	0.0166
65679	C	0.0499	-0.6898	0.0257	-0.2076	-0.0574	-0.042
65803	S	0.1416	0.3023	-0.179	0.1012	0.0868	-0.0626
65996	X	0.1684	-0.2794	-0.1154	-0.1986	-0.0515	-0.0473
66063	Sq	0.1452	-0.1554	0.1045	-0.0165	0.0288	-0.0142
66251	Sw	0.4403	0.3279	-0.1402	0.0675	-0.0251	-0.0521
68216	S	0.2043	0.1521	-0.0609	0.0877	0.0171	-0.0247
68346	Sw	0.2889	-0.0115	-0.0151	0.2514	0.0935	-0.0619
68350	S	0.2485	0.1506	0.0367	-0.0541	0.1146	0.0079
68359	S	0.1255	-0.0276	-0.044	0.2446	-0.0498	0.0144
68372	C	0.171	-0.8677	0.0326	-0.1746	-0.0618	-0.067
68950	S	0.1918	0.8719	-0.2265	0.0895	-0.0138	-0.0223
85709	S	0.2528	0.2501	0.0382	0.0051	0.0411	0.0307
85989	L	0.0925	-0.0343	-0.1702	0.0081	-0.0839	0.0145
85990	S	0.1372	0.1372	-0.073	-0.0946	0.0487	0.112
86212	S	0.1521	0.2524	-0.0231	-0.0333	0.0156	-0.0251
86450	L	0.1226	0.3759	-0.2261	-0.0843	0.1306	-0.0724
86819	Sq	0.1713	-0.3047	0.1678	0.2239	-0.0173	-0.0231
88188	V	0.0434	0.3143	0.7584	-0.082	0.0956	-0.0296
88710	S	0.1726	-0.1504	0.158	0.1167	-0.0318	-0.0031
89355	Sr	0.2109	0.2311	0.0817	0.0442	0.0764	-0.0131
96189	B	-0.0918	-0.3748	-0.0739	-0.2348	-0.1988	-0.0764
98943	L	0.3951	0.1839	-0.0135	0.0241	0.1356	-0.046
99907	Sr	0.0957	-0.3535	0.2817	0.1664	0.0757	0.0267
99942	Sq	0.2054	-0.2178	0.0304	0.1121	0.0267	-0.0521
100926	Sqw	0.2575	-0.1308	0.1417	0.1382	0.0252	0.0281
101955	B	-0.057	-0.5567	-0.0276	-0.182	0.0255	-0.0167
102528	X	0.2487	-0.0668	-0.2336	-0.0809	-0.0073	-0.0079
108519	C	0.063	-0.6608	0.0134	-0.2552	-0.0911	-0.0617
136617	S	0.1589	-0.8398	0.1803	0.3047	-0.1497	0.0225
136923	Sw	0.2583	0.2273	-0.0787	0.1912	0.0223	-0.0703
136993	Sr	0.1372	-0.2862	0.2313	-0.0227	-0.0129	0.023
137062	Sr	0.0996	0.3222	0.212	0.2143	0.2437	0.0774
137126	Sq	0.0196	-0.405	0.2291	-0.0082	0.023	0.022
137199	S	0.1257	-0.6286	0.4251	-0.0176	0.0243	0.1338
137427	S	0.2341	0.4218	-0.2665	0.2314	-0.0529	-0.0347
137799	Sq	0.0731	-0.0848	0.0671	0.2283	0.0686	0.0138
138258	Sq	0.0664	-0.3479	0.1334	0.0794	0.0596	-0.1056
138404	S	0.1291	0.1924	-0.1	-0.0221	0.0155	-0.0207
138524	Sr	0.0875	0.1393	0.144	0.0045	-0.0162	0.0502
138846	Sr	0.1138	-0.0239	0.2562	-0.0511	-0.1119	-0.1804
138911	L	0.2404	0.5749	-0.1962	-0.1263	0.1279	0.0005
139622	Sq	0.1285	-0.2485	0.039	0.1155	0.1439	-0.1325
141018	Sw	0.2715	0.2355	-0.0866	0.0313	0.1572	-0.0906
141052	Sq	-0.0057	-0.2448	0.0355	0.0803	-0.0173	-0.0515
142040	Sw	0.4622	0.1151	0.0292	0.2268	-0.0432	-0.0218
143381	S	0.1677	0.2999	0.0093	-0.0248	0.0032	0.0333
144411	L	0.1721	-0.3971	0.0054	-0.2046	0.0129	-0.0319
152563	S	0.1628	-0.3926	0.0204	-0.0313	-0.0029	0.0149
153591	B	-0.0779	-0.9769	0.1157	-0.2203	-0.0607	-0.033
153814	L	0.2179	-0.6384	0.1093	-0.0835	-0.0368	-0.0289
154029	S	0.1023	0.2679	-0.1157	0.0313	-0.1117	-0.0429
154276	S	0.0756	-0.0446	0.1282	-0.0562	0.0346	0.0468
154302	Sq	0.1409	-0.1719	0.0692	0.1666	0.0555	0.0209
154347	S	0.0628	0.2119	-0.1306	0.0429	-0.041	-0.0872
155334	Sq	0.2691	-0.5041	0.2179	0.1112	-0.0317	-0.0063
159402	Sw	0.3714	0.409	-0.2023	0.1246	-0.0402	-0.006
159635	L	0.3139	0.4131	-0.3799	0.3007	0.3509	0.0285
159857	Sr	0.0955	0.2291	0.0466	0.0038	-0.0077	-0.0671
161998	S	0.2013	-0.0752	0.0462	0.2446	-0.0846	0.0693
162149	Sw	0.2639	-0.088	0.0202	0.2363	-0.0073	-0.089
162186	Sq	0.115	-0.0991	0.0373	0.0599	-0.0695	0.0239
162781	S	0.2105	0.0005	0.0045	0.1134	0.1039	-0.1673
162911	S	0.4206	-0.2527	0.0893	0.0122	0.0301	-0.0936
162998	D	0.732	-0.2616	-0.0583	-0.2559	0.0344	-0.0579
163000	Sw	0.266	-0.0026	0.0396	0.1207	-0.0084	0.0132
163081	S	0.1594	0.1409	-0.1263	0.1345	0.0017	-0.1529
170502	C	-0.0104	-0.8453	0.1108	-0.2107	0.029	0.0049
175706	C	-0.0179	-0.5825	-0.0209	-0.1169	-0.0101	0.005
180186	X	0.1551	-0.299	-0.0882	-0.1966	-0.0697	-0.069
189552	Sr	0.0137	0.1311	0.096	0.0289	-0.0204	0.0223
192563	V	0.249	0.289	0.7897	-0.1338	0.2175	0.0404
200840	S	0.1973	0.2531	-0.0594	0.0471	0.0167	-0.1311
214869	Sq	0.068	-0.4146	0.2095	-0.0091	-0.1003	0.0185
217796	Sr	0.0172	-0.0649	0.1858	0.0434	-0.0502	0.0373
217807	Sqw	0.3211	-0.2917	0.0623	0.1563	0.0224	0.003
236716	S	0.057	-0.3894	0.1579	0.0223	0.0188	0.0697
241662	Sw	0.2558	0.354	-0.1988	0.2231	-0.0821	-0.0062
242187	Sqw	0.2552	-0.163	0.0168	0.2446	0.1007	0.0258
253841	V	0.0703	0.6814	0.8334	-0.1331	0.1141	-0.0029
267494	X	0.2433	-0.1373	-0.1466	-0.1713	-0.0332	-0.0346
283460	S	0.1549	0.356	-0.2089	-0.0433	0.1109	-0.1096
285263	Ch	0.0573	-0.4453	-0.0212	-0.1893	0.0536	-0.0073
297418	V	0.0359	0.8228	0.3977	-0.0099	0.0967	-0.0631
301964	D	0.4491	0.0255	-0.153	-0.1224	-0.0114	-0.0019
302311	S	0.0256	0.123	0.0245	-0.0893	-0.0301	-0.0458
303174	S	0.0973	0.4891	-0.1002	-0.0612	0.0199	-0.0005
308635	C	0.1178	-0.4405	-0.0414	-0.1582	-0.0477	-0.0235
310442	Sq	0.0419	-0.1897	0.0895	0.2302	0.1112	0.0137
312473	C	0.0394	-0.6166	0.0143	-0.2417	0.0058	-0.0643
326290	V	-0.1381	0.3874	0.5816	-0.1362	-0.3752	-0.2715
341843	C	-0.0599	-0.2302	-0.1027	-0.0695	-0.0075	-0.0127
354030	C	0.0582	-0.3949	-0.1433	-0.0983	0.0841	0.0221
2002_UN	C	0.0911	-0.7909	0.0521	-0.2246	-0.0428	-0.0016
38	Cgh	0.1202	-0.2831	-0.0792	-0.1454	0.0684	0.0432
51	Cgh	0.1805	-0.2955	-0.0856	-0.0912	0.1155	0.0433
54	Cgh	0.0836	-0.1694	-0.0655	-0.1469	0.0817	0.0659
175	Cg	0.1151	-0.5434	-0.0176	-0.1125	-0.0565	0.0262
191	Cb	0.172	-0.551	-0.0232	-0.1971	-0.0082	-0.0424
210	Cb	0.0891	-0.6136	-0.0112	-0.1559	-0.0229	-0.055
785	Cb	0.1883	-0.4998	-0.0466	-0.2471	0.0058	-0.0665
7753	Cb	0.0005	-0.756	0.0489	-0.2256	0.0122	-0.0416
85774	Cg	0.0756	-0.5882	-0.0064	-0.0705	0.0191	0.0369
363067	X	0.3114	-0.2815	-0.0809	-0.1733	0.0466	-0.0257
365424	Sw	0.3205	0.411	-0.143	0.2724	-0.114	0.1791
399774	Sq	0.1763	-0.3008	0.1508	0.0807	0.092	0.0328
401857	D	0.4559	0.2177	-0.2055	-0.2309	0.0134	-0.0187
2000_PG3	D	0.454	0.2477	-0.2303	-0.2169	0.0304	-0.016
15	K	0.1333	-0.2372	-0.0378	0.0482	-0.0713	-0.0246
42	K	0.2181	-0.0836	-0.1609	0.1117	-0.0465	-0.0431
114	K	0.2319	-0.2507	-0.1598	-0.0643	-0.0357	-0.0228
131	K	0.1701	-0.4957	0.0246	-0.0498	-0.0192	0.0136
221	K	0.0262	-0.2123	-0.1451	-0.0224	-0.1059	-0.0347
513	K	0.0162	-0.0676	-0.1877	0.0286	-0.1561	-0.0332
579	K	0.1312	-0.1918	-0.1288	-0.0014	-0.0097	-0.0225
653	K	0.1241	-0.1762	-0.1461	-0.004	-0.0698	-0.0052
2003_UB5	L	0.35	0.2643	-0.3564	-0.0694	-0.0095	-0.1581
2008_QS11	L	0.2086	-0.4625	0.0105	-0.0836	-0.0083	-0.0256
3628	O	0.0547	-0.7727	0.5816	0.3045	0.1709	-0.1148
4183	Q	0.0268	-0.4621	0.1564	0.1341	0.0253	-0.0031
4688	Q	0.195	-0.8131	0.3191	0.1691	-0.0836	0.0832
5011	Q	0.1435	-0.6122	0.2807	0.2215	-0.0935	-0.0105
5143	Q	0.0599	-0.7834	0.2653	0.1285	0.035	0.0111
5646	Q	0.154	-0.9252	0.4071	0.3416	-0.1832	0.2672
5660	Q	0.1637	-0.7014	0.2523	0.229	-0.1322	-0.0056
5786	Q	0.1637	-0.6422	0.3347	0.0709	-0.0118	0.0084
6037	Q	0.2012	-0.0861	-0.14	0.1262	0.0289	-0.0186
6456	Q	0.2092	-0.4932	0.1484	0.1487	0.0157	-0.0333
7336	Q	0.0281	-0.617	0.2372	0.1675	0.0029	-0.024
7341	Q	0.1299	-0.4553	0.1944	0.1872	0.0432	0.0014
10145	Q	0.0483	-0.4456	0.2116	0.0692	0.007	0.0304
22753	Q	0.1063	-0.3291	0.1173	0.1342	-0.0099	-0.0393
52340	Q	0.164	-0.6977	0.2477	0.1574	-0.0192	-0.0987
52760	Q	0.1244	-0.4306	0.2452	0.0732	0.0183	-0.0246
66146	Q	0.093	-0.524	0.1961	0.1222	0.0181	-0.0496
85867	Q	0.1687	-0.5926	0.2095	0.1427	-0.0862	-0.0787
86039	Q	0.1008	-0.5255	0.2958	0.1481	0.0189	-0.056
87684	Q	0.1382	-0.7523	0.5146	0.235	-0.049	0.0935
88254	Q	0.1171	-0.5628	0.1596	0.1615	-0.094	-0.0936
96590	Q	0.0911	-0.6775	0.2609	0.1518	0.049	0.0191
99799	Q	0.067	-0.5378	0.1972	0.1551	0.0496	0.0278
137032	Q	0.055	-0.6524	0.2293	0.1403	-0.0433	0.0031
138852	Q	0.1202	-0.4688	0.1284	0.1479	0.0583	0.0028
143651	Q	0.0792	-0.4607	0.1776	0.2113	-0.0651	-0.0201
152560	Q	0.1683	-0.717	0.2304	0.187	0.0957	-0.0139
152931	Q	0.0636	-0.5761	0.2317	0.1894	0.0771	-0.0519
162058	Q	0.1551	-0.5358	0.2653	0.1044	-0.0718	-0.0407
162483	Q	0.0792	-0.8337	0.2345	0.1582	0.0508	-0.0952
163249	Q	0.1209	-0.5396	0.1981	0.2135	0.003	0.0013
163364	Q	0.107	-0.5466	0.1817	0.1179	0.0157	-0.0139
163697	Q	0.1075	-0.5351	0.2089	0.2355	0.0763	0.0045
219071	Q	0.0986	-0.4812	0.2113	0.24	0.1196	-0.0246
329437	Q	0.1474	-1.0005	0.2985	0.0635	0.093	-0.0387
345705	Q	0.0592	-0.7175	0.2525	0.128	0.0266	-0.0076
2002_NY40	Q	0.0686	-0.7845	0.272	0.1228	-0.0586	0.0035
2007_RU17	Q	0.0024	-1.0207	0.3755	0.1624	-0.0509	0.0458
5	S	0.1488	0.1948	0.0169	0.0027	0.04	0.0195
7	S	0.1529	-0.0409	-0.0423	0.0603	-0.0403	-0.004
14	S	0.1743	0.0553	-0.0417	-0.0374	0.0158	0.0144
17	S	0.2202	0.3638	-0.0998	-0.0122	0.0095	0.0193
18	S	0.169	0.2006	-0.0982	-0.0213	-0.0006	0.0251
20	S	0.0828	0.0126	0.0075	-0.0225	-0.0407	0.009
25	S	0.2111	0.1435	-0.0026	0.1412	0.0146	-0.0231
349	R	0.3151	-0.1955	0.4275	0.1204	-0.0622	-0.0106
350523	Qw	0.357	-0.5897	0.2607	0.1589	0.1406	-0.1035
405058	X	0.2499	-0.0433	-0.152	-0.221	0.07	-0.047
414586	Svw	0.4966	0.7137	-0.119	0.1953	0.2067	-0.0208
416186	S	0.3073	0.2401	-0.0191	0.094	0.1331	-0.0275
2002_AA	S	0.0276	0.1206	0.0134	-0.0775	-0.0384	-0.0333
2002_AV	S	0.166	-0.0599	-0.0239	-0.1098	-0.0073	-0.094
2002_TP69	S	0.1612	-0.0909	0.0492	0.0182	0.003	-0.0928
3	Sq	0.1501	-0.1559	0.047	0.019	0.0361	0.0013
11	Sq	0.2114	-0.3006	0.0215	0.0001	-0.017	-0.0028
43	Sq	0.1951	-0.1644	0.0781	0.0952	0.0658	-0.0155
699	Sq	0.1185	-0.0876	0.0532	0.0094	0.0472	0.0173
720	Sq	0.0857	-0.1304	0.0393	-0.0386	0.0036	0.0347
984	Sa	0.4166	-0.6141	0.1309	0.408	-0.0513	-0.0169
5131	Sa	0.3655	-0.2829	0.0655	0.3435	0.1061	-0.0268
5261	Sa	0.4548	-0.9191	0.0435	0.2455	-0.1112	0.0455
2002_VP69	Sq	0.2318	-0.4727	0.1668	0.2075	0.0488	-0.0303
20786	Sq:	0.0718	-0.3197	0.0488	-0.253	-0.068	-0.0175
413038	Sr	0.0944	0.348	0.0742	-0.0459	0.0921	-0.019
2004_LU3	Sr	0.1225	0.129	0.1078	0.0141	-0.2375	-0.1887
3511	Srw	0.3255	0.0098	0.1195	0.0885	0.0018	0.0199
3635	Srw	0.2828	0.1597	0.1195	0.0244	0.0417	0.0106
3858	Srw	0.2504	0.0496	0.1074	0.2805	-0.141	0.0381
4954	Srw	0.3003	0.2628	0.047	0.0228	0.0154	0.0253
19127	Srw	0.2815	-0.355	0.2417	-0.0199	-0.1651	-0.1745
53435	Srw	0.3714	0.2264	0.1183	-0.0097	0.0481	0.0245
85818	Srw	0.287	0.2876	0.0722	-0.0435	-0.0702	0.0732
145656	Srw	0.2768	0.0681	0.1213	-0.0092	0.17	0.0158
2000_WL63	U	0.5056	-0.2059	-0.0183	0.0801	0.212	-0.011
4	V	0.0267	-0.003	0.6016	-0.1556	0.0188	-0.0259
1468	V	0.4722	1.7186	0.6458	-0.0026	0.0934	-0.0404
1904	V	0.1512	0.2625	0.5296	-0.0275	-0.0866	-0.0618
1929	V	0.2275	1.0381	0.9231	-0.008	0.037	-0.013
1981	V	0.06	0.2961	0.9496	-0.0189	0.1103	-0.0089
2001_TX16	X	0.2506	-0.0398	-0.1546	-0.2192	0.0678	-0.0444
2002_TS67	X	0.3746	-0.5015	0.0476	-0.1242	-0.02	-0.0516
2004_QD3	X	0.1125	-0.4751	-0.062	-0.2239	0.0112	-0.087
16	Xk	0.2882	-0.0529	-0.1631	-0.1542	0.0063	0.0047
21	Xc	0.0695	-0.0655	-0.1907	-0.1423	0.0337	-0.0297
55	Xk	0.2657	-0.3576	-0.0562	-0.1562	0.0254	0.0006
56	Xk	0.1531	-0.1558	-0.1523	-0.1022	-0.0562	0.0047
64	Xe	0.1236	0.0173	-0.229	-0.1002	-0.0352	-0.003
65	Xk	0.1823	-0.4111	-0.0376	-0.1855	-0.0464	-0.0116
69	Xk	0.2931	-0.3341	-0.054	-0.1494	0.0214	0.0048
77	Xe	0.1833	-0.1107	-0.2138	-0.1165	-0.0234	-0.0091
92	Xk	0.162	-0.2172	-0.0796	-0.1619	0.0234	-0.0098
99	Xk	0.0918	-0.1042	-0.137	-0.1148	0.0177	0.0163
110	Xk	0.2412	-0.2174	-0.0645	-0.1567	0.0837	0.0075
132	Xe	0.1029	-0.3769	-0.0887	-0.1182	-0.0119	0.0107
160	Xk	0.1409	-0.3834	-0.0587	-0.1569	0.0257	0.0041
181	Xk	0.0327	-0.045	-0.1841	-0.0817	-0.0385	-0.0377
201	Xk	0.2011	-0.294	-0.0804	-0.1637	0.009	-0.0033
216	Xe	0.2576	-0.17	-0.1133	-0.1813	0.0339	-0.0198
233	Xk	0.2663	-0.1351	-0.1657	-0.0922	-0.0137	-0.0145
250	Xk	0.2622	-0.1438	-0.081	-0.1357	0.008	0.0111
337	Xk	0.1467	-0.3497	-0.033	-0.1547	0.0095	-0.0026
359	Xk	0.1171	-0.2625	-0.0806	-0.1643	0.0402	-0.0337
434	Xe	0.0948	-0.0043	-0.1979	-0.0469	-0.0934	0.0383
739	Xc	0.1841	-0.2593	-0.1198	-0.1683	-0.0178	0.0035
789	Xk	0.2194	-0.322	-0.0599	-0.1676	0.0008	0.0075
1094	Xk	0.225	0.0052	-0.1783	-0.1006	0.0504	-0.0152
2035	Xe	0.0909	0.1319	-0.2528	-0.095	-0.0097	0.0337
2449	Xc	0.0802	-0.01	-0.2467	-0.1198	0.0164	-0.0139
3103	Xe	0.135	0.1643	-0.2575	-0.0901	-0.059	0.048
3671	Xn	0.0154	-0.3452	-0.0314	-0.1899	0.0559	0.0647
3691	Xk	0.115	-0.1917	-0.1471	-0.0769	0.0114	0.0486
4660	Xe	0.0969	0.0642	-0.2002	-0.1672	0.0529	-0.0563
14402	Xk	0.1165	-0.586	0.0596	-0.1168	0.0484	-0.0403
52768	Xk	0.0741	-0.0971	-0.1284	-0.1101	0.0038	-0.0064
54789	Xe	0.1679	0.3319	-0.373	-0.0894	0.0127	-0.0335
137170	Xk	0.0154	-0.1386	-0.1314	-0.1551	-0.019	-0.0328
164202	Xe	0.0596	0.2331	-0.3146	-0.2068	0.0368	-0.0653
